JPMI x 779 y 897 
[[  0   0   0   0   0   0   0   0   0   0   0   0   0   0   0   0   0   0     0   0   0]
 [  0   0   0   0   0   0   0   0   0   0   0   0   0   0   0   0   0   0    0   0   0]
 [  0   0   0   0   0   0   0   0   0   0   0   0 139   0   0   0   0   0    0   0   0]
 [  0   0   0   0   0   0   0   0   0   0   0   0   3   0   0   0   0   0    0   0   0]
 [  0   0   0   0   0   0   0   1   0   0   0   0   0   0   0   0   0   3    0   0   0]
 [  0   0   0   0   0   0   0   0   0   0   0   0   0   0   0   0   0   0    0   0   0]
 [  4   0   0   0   0   4   0   0   0   1   0   0   0   0   0   0   0   0    0   0   0]
 [  0   0   0   0   0   0   0   0   0   0   0   0   0   0   0   0   0   0    0   0   0]
 [  0   0   0   0   0   0   0   0   0   0   0   0   0   0   0   0   0   0    0   0   0]
 [  0   0   0   0   0   0   0   0   0   0   0   0   0   0   0   0   0   0    0   0   0]
 [  0   0   0   0   0   0   0   0   0   0   0   0   0   0   0   0   0   0    0   0   0]
 [  0   0   0   0   0   0   0   0   0   0   0   0   1   0   0   0   0   0    0   0   0]
 [  0   0   0   0   0  32   0   0   0   0   0   0   1   2   1   5   0   0    0   0   0]
 [  0   0   0   0   0   0   0   0   0   0   0   0   0   0   0   0   0   0    0   0   0]
 [  0   0   0   0   0   0   0   0   0   0   0   0   0   0   0   0   0   0    0   0   0]
 [  0   0   0   0   0   0   0   0   0   0   0   0   0   0   0   0   0   0    0   0   0]
 [  0   0   0   0   0   0   0   0   0   0   0   0   0   0   0   0   0   0    0   0   0]
 [  0   0   0   0   0   0   0   0   0   2   0   0   0   0   0   0   0   6    0   0   0]
 [  0   0   0   0   0   0   0   0   0   0   0   0   0   0   0   0   0   0    0   0   0]
 [  0   0   0   0   0   0   0   0   0   0   0   0   0   0   0   0   0   0    0   0   0]
 [  0   0   0   0   0   0   0   0   0   0   0   0   0   0   0   0   0   0    0   0   0]] 21

H(779) = 0.33839545233124
H(897) = 0.33951995108360616
0.41550044075257264 Joint entropy matrix's summatory log base 20 
0.20775022037628632

